1 0.751953125 0.671875 0.12890625 0.078125
4 0.744140625 0.75390625 0.11328125 0.0859375
8 0.53125 0.55078125 0.0703125 0.09375
7 0.625 0.462890625 0.0859375 0.12109375
4 0.607421875 0.345703125 0.09765625 0.09765625
8 0.4921875 0.404296875 0.0859375 0.06640625
9 0.369140625 0.4140625 0.08984375 0.0859375
10 0.072265625 0.490234375 0.07421875 0.10546875
8 0.083984375 0.255859375 0.09765625 0.11328125
9 0.16015625 0.392578125 0.0703125 0.09765625
3 0.25 0.333984375 0.0859375 0.08203125
7 0.177734375 0.29296875 0.05078125 0.0859375
4 0.794921875 0.275390625 0.08203125 0.08984375
3 0.392578125 0.70703125 0.09765625 0.1171875
6 0.318359375 0.65625 0.06640625 0.1015625
5 0.39453125 0.55078125 0.09375 0.078125
7 0.41796875 0.615234375 0.0859375 0.05078125
4 0.66796875 0.876953125 0.1171875 0.09765625
