6 0.87890625 0.55078125 0.1328125 0.0859375
7 0.66796875 0.515625 0.1171875 0.109375
3 0.65625 0.638671875 0.140625 0.12890625
3 0.880859375 0.677734375 0.12109375 0.12890625
8 0.916015625 0.919921875 0.10546875 0.16015625
5 0.412109375 0.837890625 0.12890625 0.16796875
6 0.4296875 0.59375 0.125 0.109375
9 0.21484375 0.720703125 0.1640625 0.12109375
5 0.298828125 0.591796875 0.09765625 0.08203125
7 0.22265625 0.634765625 0.0703125 0.06640625
6 0.265625 0.494140625 0.078125 0.10546875
5 0.181640625 0.326171875 0.08203125 0.13671875
6 0.298828125 0.25 0.11328125 0.1171875
2 0.5390625 0.2890625 0.1171875 0.1328125
9 0.587890625 0.177734375 0.09765625 0.08984375
7 0.509765625 0.1953125 0.06640625 0.0859375
2 0.76171875 0.0703125 0.1328125 0.09375
7 0.435546875 0.142578125 0.08984375 0.09765625
2 0.359375 0.0703125 0.078125 0.109375
3 0.259765625 0.068359375 0.12109375 0.11328125
