9 0.095703125 0.060546875 0.12890625 0.10546875
7 0.513671875 0.15234375 0.12890625 0.0625
3 0.509765625 0.224609375 0.10546875 0.08203125
9 0.375 0.349609375 0.1015625 0.08984375
2 0.07421875 0.373046875 0.125 0.08984375
1 0.09765625 0.47265625 0.109375 0.1015625
5 0.5 0.32421875 0.1171875 0.09375
8 0.880859375 0.392578125 0.10546875 0.10546875
5 0.740234375 0.421875 0.10546875 0.09375
2 0.501953125 0.51953125 0.11328125 0.09375
3 0.12109375 0.60546875 0.1484375 0.1015625
6 0.37890625 0.66796875 0.1328125 0.109375
2 0.58203125 0.673828125 0.1328125 0.09765625
5 0.16796875 0.7578125 0.09375 0.0859375
6 0.318359375 0.771484375 0.12890625 0.09765625
6 0.109375 0.89453125 0.140625 0.1171875
0 0.53515625 0.880859375 0.09375 0.12890625
1 0.673828125 0.8515625 0.08203125 0.125
7 0.814453125 0.93359375 0.12109375 0.09375
6 0.76953125 0.529296875 0.09375 0.09765625
