0 0.119140625 0.228515625 0.12890625 0.11328125
7 0.09765625 0.373046875 0.1015625 0.11328125
7 0.61328125 0.638671875 0.1328125 0.09765625
7 0.896484375 0.3828125 0.12890625 0.140625
9 0.572265625 0.853515625 0.10546875 0.10546875
9 0.2734375 0.37890625 0.1171875 0.109375
0 0.376953125 0.576171875 0.09765625 0.10546875
0 0.466796875 0.08203125 0.10546875 0.1171875
8 0.55859375 0.078125 0.0703125 0.1015625
1 0.759765625 0.0625 0.06640625 0.078125
2 0.595703125 0.30859375 0.11328125 0.09375
3 0.380859375 0.220703125 0.17578125 0.13671875
1 0.130859375 0.873046875 0.06640625 0.12890625
6 0.2265625 0.494140625 0.140625 0.12109375
2 0.48046875 0.57421875 0.0859375 0.109375
4 0.716796875 0.37109375 0.09765625 0.1015625
9 0.908203125 0.111328125 0.08203125 0.09765625
4 0.93359375 0.2578125 0.09375 0.0859375
5 0.775390625 0.904296875 0.08984375 0.06640625
8 0.69140625 0.92578125 0.0859375 0.09375
