8 0.9296875 0.05078125 0.078125 0.1015625
8 0.90625 0.5 0.0859375 0.109375
2 0.8359375 0.68359375 0.1015625 0.125
5 0.865234375 0.853515625 0.08203125 0.12890625
7 0.52734375 0.75390625 0.1015625 0.1171875
4 0.30859375 0.642578125 0.1484375 0.09765625
0 0.1796875 0.525390625 0.1328125 0.11328125
3 0.150390625 0.30859375 0.08984375 0.109375
4 0.37109375 0.251953125 0.1015625 0.11328125
2 0.48046875 0.228515625 0.0859375 0.10546875
8 0.6484375 0.201171875 0.078125 0.11328125
8 0.501953125 0.091796875 0.12109375 0.11328125
7 0.365234375 0.1015625 0.07421875 0.1015625
2 0.21875 0.080078125 0.125 0.05859375
4 0.380859375 0.826171875 0.08984375 0.09765625
8 0.427734375 0.736328125 0.07421875 0.08984375
9 0.43359375 0.90234375 0.078125 0.1015625
