1 0.146484375 0.291015625 0.16015625 0.09765625
1 0.455078125 0.345703125 0.12890625 0.12890625
10 0.462890625 0.189453125 0.12890625 0.10546875
2 0.703125 0.140625 0.1015625 0.1015625
3 0.76171875 0.326171875 0.1484375 0.12890625
10 0.912109375 0.435546875 0.08984375 0.14453125
8 0.3203125 0.48046875 0.1953125 0.109375
7 0.080078125 0.5234375 0.08984375 0.09375
2 0.23046875 0.642578125 0.109375 0.10546875
4 0.408203125 0.634765625 0.10546875 0.13671875
7 0.7265625 0.697265625 0.125 0.08984375
2 0.87109375 0.767578125 0.1015625 0.12109375
1 0.205078125 0.849609375 0.16796875 0.10546875
5 0.23046875 0.748046875 0.1328125 0.08984375
8 0.693359375 0.447265625 0.08203125 0.09765625
9 0.607421875 0.53515625 0.11328125 0.09375
