7 0.48828125 0.224609375 0.1328125 0.13671875
5 0.67578125 0.197265625 0.125 0.15234375
9 0.22265625 0.166015625 0.1328125 0.15234375
10 0.38671875 0.0703125 0.15625 0.1015625
2 0.21875 0.580078125 0.1015625 0.11328125
8 0.09765625 0.61328125 0.1015625 0.109375
4 0.08203125 0.490234375 0.09375 0.12890625
5 0.595703125 0.7578125 0.10546875 0.09375
8 0.80859375 0.943359375 0.15625 0.09765625
5 0.787109375 0.515625 0.17578125 0.1171875
2 0.306640625 0.357421875 0.05078125 0.08984375
3 0.345703125 0.43359375 0.14453125 0.0625
3 0.2109375 0.30078125 0.09375 0.1015625
8 0.822265625 0.39453125 0.05859375 0.09375
