3 0.396484375 0.2890625 0.11328125 0.125
7 0.615234375 0.3828125 0.07421875 0.109375
0 0.2890625 0.58203125 0.1640625 0.140625
4 0.369140625 0.869140625 0.08984375 0.11328125
3 0.705078125 0.748046875 0.07421875 0.12109375
9 0.91796875 0.87890625 0.0703125 0.1171875
3 0.642578125 0.6328125 0.09765625 0.1171875
8 0.498046875 0.62109375 0.05078125 0.0859375
5 0.560546875 0.640625 0.06640625 0.1171875
4 0.662109375 0.48046875 0.07421875 0.09375
7 0.849609375 0.482421875 0.10546875 0.10546875
2 0.873046875 0.623046875 0.12890625 0.10546875
7 0.740234375 0.51953125 0.10546875 0.078125
8 0.533203125 0.05859375 0.10546875 0.1171875
5 0.37890625 0.1015625 0.109375 0.109375
9 0.1328125 0.095703125 0.1015625 0.11328125
6 0.36328125 0.1796875 0.1015625 0.0703125
